#BVGraph properties
#Wed Aug 05 10:39:50 PDT 2020
blockscompression=1
bitsforreferences=1057628
avgbitsforintervals=3.68
graphclass=it.unimi.dsi.webgraph.BVGraph
avgdist=2.249
successoravggap=1367.725
residualexpstats=156948,121367,65331,58374,76783,59741,40165,29667,27704,27712,28259,25752,21069,16217,9492,2632,4490,6276,4184,901
arcs=5477938
minintervallength=4
bitsforoutdegrees=1941363
residualavgloggap=5.095873781543385
avgbitsforoutdegrees=5.963
bitsforresiduals=6552478
residualcompression=1
successoravgloggap=2.243093843448005
maxrefcount=3
successorexpstats=4119987,289647,147435,120695,139938,110669,85659,69627,68221,77390,68072,60357,54061,24073,13250,4502,7208,10106,5920,1121
residualarcs=783064
avgbitsforresiduals=20.127
avgbitsforblocks=5.083
windowsize=7
residualavggap=6245.279
copiedarcs=3748755
avgbitsforreferences=3.249
version=0
compratio=0.144
bitsperlink=2.264
compressionflags=
nodes=325557
avgref=1.838
zetak=3
bitsforintervals=1198147
intervalisedarcs=946119
bitspernode=38.102
bitsforblocks=1654750
